0.21081966221253676
0.21081966221253676
0.21081966221253676
0.21081966221253676
0.21081966221253676
0.21081966221253676
0.21081966221253676
0.21081966221253676
0.21081966221253676
0.21081966221253676
0.21081966221253676
0.21081966221253676
0.21081966221253676
0.21081966221253676
0.21081966221253676
0.21081966221253676
0.21081966221253676
0.21081966221253676
0.21081966221253676
0.21081966221253676
0.21081966221253676
0.21081966221253676
0.21081966221253676
0.21081966221253676
0.21081966221253676
