0.17215748421410632
0.1598314125731263
0.16463829622259302
0.12388541822671453
0.22060821747391354
0.13549678106147825
0.1658474231345345
0.12642999881358113
0.1713808012811754
0.10640830798939085
0.1690255842142514
0.12905465232202043
0.13355321510781806
0.14128391124682332
0.15082478041563982
0.17963828477484844
0.11910540637772318
0.16650527941761206
0.17581032432021818
0.2418202374514041
0.2056142232940606
0.18570346752604772
0.16820523148905406
0.12896922423968485
0.10653352603091196
