0.133277737507524
0.18795469040587587
0.0895063824407008
0.12204197709409205
0.13803015921643313
0.1408739717359622
0.1367442855198149
0.16892590209787398
0.17738160275489814
0.21632289110403702
0.283651573034256
0.12388541822671453
0.12442784457765836
0.21632289110403702
0.1648113613627263
0.17364166307405676
0.1509137156497972
0.1942749591814441
0.07861876766384227
0.09712423448341584
0.21682796544155888
0.1502691527115366
0.10967406860993109
0.12071069603300892
0.17364166307405676
