0.2929872442393308
0.2929872442393308
0.2929872442393308
0.2929872442393308
0.2929872442393308
0.2929872442393308
0.2929872442393308
0.2929872442393308
0.2929872442393308
0.2929872442393308
0.2929872442393308
0.2929872442393308
0.2929872442393308
0.2929872442393308
0.2929872442393308
0.2929872442393308
0.2929872442393308
0.2929872442393308
0.2929872442393308
0.2929872442393308
0.2929872442393308
0.2929872442393308
0.2929872442393308
0.2929872442393308
0.2929872442393308
