0.2482402939437934
0.2171199836611198
0.23382647186729813
0.17362786200702873
0.2972018113509229
0.18866961300443394
0.2304326896371495
0.19443424622402322
0.2397341180319297
0.16644496929393837
0.22304667014900387
0.18678155756128395
0.2087611367325529
0.19206271430265975
0.21281420468323506
0.25175983185530476
0.16578697815515203
0.24225522384402837
0.24515429886332196
0.30311476865354486
0.28252877936303344
0.25697770145489746
0.2591514552483317
0.19017936669341687
0.1512672668360318
