0.187109811008837
0.2579939805202508
0.13591689082685368
0.1819462873624888
0.2017854456147047
0.19143439282080196
0.21282606659922865
0.24223566216280668
0.25724693779102586
0.2878720106426517
0.387113641600758
0.17362786200702873
0.1926439206639608
0.2878720106426517
0.2436817683733018
0.24831995714516886
0.22305146241222423
0.2698480196255996
0.12830489811684415
0.14104156381743893
0.2819846412713619
0.22154158095416115
0.1555271894611737
0.18318324722375046
0.24831995714516886
