0.1755053391706388
0.1755053391706388
0.1755053391706388
0.1755053391706388
0.1755053391706388
0.1755053391706388
0.1755053391706388
0.1755053391706388
0.1755053391706388
0.1755053391706388
0.1755053391706388
0.1755053391706388
0.1755053391706388
0.1755053391706388
0.1755053391706388
0.1755053391706388
0.1755053391706388
0.1755053391706388
0.1755053391706388
0.1755053391706388
0.1755053391706388
0.1755053391706388
0.1755053391706388
0.1755053391706388
0.1755053391706388
