0.17587316444214546
0.16566933418162422
0.16742380547628535
0.17284057911162548
0.17209111696766022
0.16703908742016185
0.16972563271521768
0.1637221308331245
0.1709646760864393
0.17197248389974293
0.16741623490293334
0.16794878197004331
0.1706928531546127
0.16980380822704785
0.17563326793659859
0.17586013883976218
0.17360746244072647
0.17566015950270153
0.17028428665318845
0.16561148850160762
0.17091973538253485
0.1661497511571887
0.16001823132208584
0.17873978822710854
0.17220989920779503
