0.17241927269997784
0.17050885707499272
0.17232282883458686
0.16445543789485334
0.16520037930353015
0.16893461058335368
0.1730442246161927
0.17216981737645848
0.16134045798407154
0.17858830892207334
0.16175634699320907
0.17284057911162548
0.16064885847658347
0.17858830892207334
0.1725128942371724
0.17178321637296584
0.1744315379875881
0.16394604261890244
0.16196140319859031
0.17224391362555505
0.177548739285362
0.17852413710526213
0.16384960626137338
0.1610765049579707
0.17178321637296584
